%YAML:1.0
---
vocab: !!opencv-matrix
   rows: 3
   cols: 128
   dt: f
   data: [ 3.14845333e+001, 1.45263414e+001, 9.04096222e+000,
       1.05926771e+001, 2.29662876e+001, 7.48489618e+000,
       4.95746756e+000, 8.44550514e+000, 1.12509064e+002,
       3.09022465e+001, 6.52199125e+000, 5.38907671e+000,
       1.13516188e+001, 4.99927521e+000, 4.49722099e+000,
       2.10856686e+001, 1.28358505e+002, 2.42834702e+001,
       3.10741901e+000, 2.86853552e+000, 8.30884457e+000,
       3.90188503e+000, 4.54398251e+000, 2.95335903e+001,
       4.03759079e+001, 8.80932808e+000, 2.87747693e+000,
       5.11515236e+000, 2.35897770e+001, 8.35500240e+000,
       5.81959867e+000, 1.28270903e+001, 3.96723061e+001,
       1.39173517e+001, 8.48247910e+000, 1.19604883e+001,
       2.69711208e+001, 9.55594444e+000, 6.32817793e+000,
       1.11771383e+001, 1.30029480e+002, 2.89734173e+001,
       7.55461550e+000, 7.29579496e+000, 1.49739008e+001,
       6.45070076e+000, 5.18885946e+000, 2.46830597e+001,
       1.44094971e+002, 2.87404537e+001, 3.61358142e+000,
       3.85077333e+000, 1.07609959e+001, 4.61950207e+000,
       4.90611410e+000, 2.61016197e+001, 5.00207825e+001,
       1.07173758e+001, 3.65538907e+000, 7.23562098e+000,
       2.73304729e+001, 8.50797462e+000, 5.09944391e+000,
       1.22353792e+001, 3.95346794e+001, 1.16143064e+001,
       6.32286119e+000, 1.03724022e+001, 2.65700817e+001,
       1.12746496e+001, 8.94332981e+000, 1.33840017e+001,
       1.30086273e+002, 2.50240459e+001, 5.11684370e+000,
       6.32370710e+000, 1.48192358e+001, 7.32817793e+000,
       7.78262424e+000, 2.89906960e+001, 1.44215805e+002,
       2.62512074e+001, 4.71737528e+000, 4.69333029e+000,
       1.06134605e+001, 3.77223301e+000, 3.72607541e+000,
       2.90717735e+001, 4.97765808e+001, 1.21524887e+001,
       4.99770403e+000, 8.70311737e+000, 2.71285648e+001,
       7.14463520e+000, 3.82334471e+000, 1.12051716e+001,
       3.16019821e+001, 8.60971451e+000, 4.68958426e+000,
       7.30521965e+000, 2.22397289e+001, 1.06399221e+001,
       9.30932808e+000, 1.44021263e+001, 1.12706619e+002,
       2.10347996e+001, 4.17617226e+000, 4.63581419e+000,
       1.08269691e+001, 5.36333990e+000, 6.85826492e+000,
       3.17591839e+001, 1.27957588e+002, 2.93057022e+001,
       4.49432087e+000, 3.97921705e+000, 8.06597424e+000,
       2.67605114e+000, 3.16553879e+000, 2.49643555e+001,
       4.00740700e+001, 1.28736105e+001, 5.76075411e+000,
       8.53697395e+000, 2.31060905e+001, 4.88762665e+000,
       2.91916394e+000, 9.10258579e+000, 2.41411648e+001,
       1.75512218e+001, 1.70065308e+001, 2.01643963e+001,
       2.59871235e+001, 1.88332710e+001, 1.63331776e+001,
       1.95233250e+001, 3.29797516e+001, 2.46628094e+001,
       2.24019394e+001, 2.48422279e+001, 3.26243706e+001,
       2.27953911e+001, 1.97671204e+001, 2.42434216e+001,
       5.69387016e+001, 2.95468369e+001, 1.79004478e+001,
       1.53774958e+001, 1.99677181e+001, 1.91790447e+001,
       2.49033394e+001, 4.05857430e+001, 2.82163639e+001,
       1.59350624e+001, 1.16160660e+001, 1.48304720e+001,
       2.88078918e+001, 2.57659073e+001, 2.50833168e+001,
       2.57445412e+001, 3.20689468e+001, 2.23686314e+001,
       1.94242401e+001, 2.33873844e+001, 3.14214401e+001,
       2.35049438e+001, 1.98562222e+001, 2.46099072e+001,
       4.38777733e+001, 3.05567265e+001, 3.54894562e+001,
       5.01476936e+001, 5.90129662e+001, 3.14571743e+001,
       1.58878517e+001, 1.78512783e+001, 1.19374603e+002,
       5.34676247e+001, 2.20642834e+001, 1.56843624e+001,
       1.82656269e+001, 1.58386822e+001, 2.16114941e+001,
       5.12325058e+001, 3.77427673e+001, 1.51569319e+001,
       1.12094603e+001, 2.36221313e+001, 5.06299667e+001,
       4.25926476e+001, 3.00203381e+001, 2.71016979e+001,
       3.17116051e+001, 2.44148159e+001, 2.01200771e+001,
       2.36100941e+001, 3.14812450e+001, 2.36551590e+001,
       1.89880562e+001, 2.19329166e+001, 4.44259186e+001,
       1.75084896e+001, 1.59983206e+001, 3.16887474e+001,
       5.85231361e+001, 4.94880562e+001, 3.50467415e+001,
       3.05384388e+001, 1.19568481e+002, 5.07486458e+001,
       2.07057285e+001, 1.56027241e+001, 1.82103939e+001,
       1.58122778e+001, 2.21508675e+001, 5.38464241e+001,
       3.78255272e+001, 2.67573242e+001, 2.92200031e+001,
       4.22743988e+001, 5.17668381e+001, 2.39752750e+001,
       1.14735956e+001, 1.53384953e+001, 2.40647507e+001,
       1.87180443e+001, 1.61518936e+001, 1.89700508e+001,
       2.58220749e+001, 2.04020329e+001, 1.73133049e+001,
       1.80311623e+001, 3.36024437e+001, 2.32274666e+001,
       1.92743969e+001, 2.23511848e+001, 3.22056351e+001,
       2.48072395e+001, 2.29862843e+001, 2.57895126e+001,
       5.78184357e+001, 4.05815430e+001, 2.42627354e+001,
       1.98565960e+001, 2.02979088e+001, 1.50171671e+001,
       1.74791927e+001, 2.93694706e+001, 2.81991043e+001,
       2.62175770e+001, 2.51712074e+001, 2.61752186e+001,
       2.91231575e+001, 1.42952042e+001, 1.17014370e+001,
       1.59878702e+001, 2.68868179e+001, 2.17502327e+001,
       2.13855076e+001, 2.34756584e+001, 2.89426136e+001,
       1.32228041e+001, 9.83046246e+000, 1.49963484e+001,
       5.83992691e+001, 3.19999046e+001, 2.04706039e+001,
       1.75158195e+001, 1.84919491e+001, 1.44446726e+001,
       2.01138363e+001, 3.40005608e+001, 3.09133110e+001,
       2.13069649e+001, 1.86652298e+001, 2.14580593e+001,
       3.51438866e+001, 2.78474064e+001, 2.49914799e+001,
       2.44364338e+001, 2.34321289e+001, 1.94104099e+001,
       1.73266239e+001, 1.82111950e+001, 2.40679646e+001,
       1.83519936e+001, 1.55587902e+001, 1.65118885e+001,
       4.04983139e+001, 2.23930912e+001, 2.29438305e+001,
       3.24388695e+001, 4.22562256e+001, 1.98506832e+001,
       8.97285080e+000, 1.47380638e+001, 1.22849747e+002,
       3.87600632e+001, 1.41605501e+001, 1.20591650e+001,
       1.70953007e+001, 1.72583771e+001, 2.82097912e+001,
       6.44619904e+001, 3.65739555e+001, 1.45238714e+001,
       1.42442417e+001, 3.15031815e+001, 7.35790100e+001,
       6.13089294e+001, 4.10954857e+001, 3.13254070e+001,
       3.02641811e+001, 2.31137428e+001, 1.90854702e+001,
       2.24518814e+001, 3.37345047e+001, 2.35214367e+001,
       1.82502327e+001, 2.14725704e+001, 4.10134811e+001,
       1.43776445e+001, 9.18648148e+000, 2.04879227e+001,
       4.15663719e+001, 3.20212479e+001, 2.24821186e+001,
       2.21131802e+001, 1.22517410e+002, 6.53135147e+001,
       2.88045292e+001, 1.75274296e+001, 1.69302559e+001,
       1.24750042e+001, 1.39408350e+001, 3.83801727e+001,
       3.65113258e+001, 3.17264538e+001, 4.21153336e+001,
       6.16074677e+001, 7.35173187e+001, 3.13875675e+001,
       1.38024712e+001, 1.40360413e+001, 3.10849075e+001,
       2.19800587e+001, 1.83602314e+001, 2.35533600e+001,
       3.38494644e+001, 2.22636204e+001, 1.90282707e+001,
       2.29523487e+001, 2.70254631e+001, 1.38976774e+001,
       9.33926201e+000, 1.32412462e+001, 2.83046246e+001,
       2.38849449e+001, 2.21686001e+001, 2.31070023e+001,
       5.75732040e+001, 3.34901695e+001, 1.96458530e+001,
       1.43012543e+001, 1.92928276e+001, 1.86375198e+001,
       2.09784679e+001, 3.26010094e+001, 3.00960484e+001,
       2.46018524e+001, 2.51920052e+001, 2.74144344e+001,
       3.57673645e+001, 2.16201077e+001, 1.84217377e+001,
       2.09794044e+001, 2.47159691e+001, 1.69969101e+001,
       1.53277473e+001, 1.79375572e+001, 2.40921173e+001,
       1.75889339e+001, 1.68580780e+001, 1.96175804e+001 ]
